Comedy:                              0.9 : 9
Standup Comedy:                      0.9 : 9
Outrageous:                          0.8571428571428572 : 8
Witty:                               0.8571428571428572 : 8
Acerbic:                             0.8142857142857143 : 7
Fun:                                 0.8142857142857143 : 7
Quirky:                              0.8142857142857143 : 7
Street-Smart:                        0.8142857142857143 : 7
Cool & Cocky:                        0.8142857142857143 : 7
Confrontational:                     0.7714285714285715 : 6
Harsh:                               0.7714285714285715 : 6
Humorous:                            0.7714285714285715 : 6
Wry:                                 0.7714285714285715 : 6
Hanging Out:                         0.7714285714285715 : 6
Revolutionary:                       0.7714285714285715 : 6
Sketch Comedy:                       0.7285714285714286 : 5
Brash:                               0.7285714285714286 : 5
Cynical/Sarcastic:                   0.7285714285714286 : 5
Irreverent:                          0.7285714285714286 : 5
Playful_mood:                        0.7285714285714286 : 5
Raucous:                             0.7285714285714286 : 5
Rowdy:                               0.7285714285714286 : 5
Silly:                               0.7285714285714286 : 5
Guys Night Out:                      0.7285714285714286 : 5
Mischievous:                         0.7285714285714286 : 5
Angry:                               0.6428571428571428 : 3
Partying:                            0.6428571428571428 : 3
Small Gathering:                     0.6428571428571428 : 3
Snide:                               0.6 : 2
